"Year"	"Age"	"Female"	"Male"	"Total"
1936	0	47284	56275	103559
1936	1	51405	51845	103250
1936	5	10146	10963	21109
1936	10	3889	4713	8602
1936	15	5388	5203	10591
1936	20	7331	7421	14752
1936	25	9054	9172	18226
1936	30	7593	8587	16180
1936	35	8328	9988	18316
1936	40	6472	7251	13723
1936	45	6129	7425	13554
1936	50	6035	6627	12662
1936	55	4826	5695	10521
1936	60	7920	8291	16211
1936	65	5339	5708	11047
1936	70	6335	5791	12126
1936	75	4318	4103	8421
1936	80	5042	3765	8807
1936	85	6604	4442	11046
1937	0	49768	58279	108047
1937	1	55594	55190	110784
1937	5	11242	11736	22978
1937	10	4261	5036	9297
1937	15	5697	5273	10970
1937	20	7376	7230	14606
1937	25	9046	9310	18356
1937	30	7514	8726	16240
1937	35	8571	10117	18688
1937	40	6648	7637	14285
1937	45	6470	7637	14107
1937	50	6231	7033	13264
1937	55	5138	6243	11381
1937	60	8509	8533	17042
1937	65	5859	6161	12020
1937	70	6865	6454	13319
1937	75	4706	4606	9312
1937	80	5422	4185	9607
1937	85	7070	5162	12232
1938	0	49036	57164	106200
1938	1	50544	49611	100155
1938	5	10259	10725	20984
1938	10	4275	5142	9417
1938	15	5736	5606	11342
1938	20	6859	6878	13737
1938	25	8240	8907	17147
1938	30	7159	8645	15804
1938	35	8216	10174	18390
1938	40	6431	7159	13590
1938	45	6079	7173	13252
1938	50	5861	6683	12544
1938	55	4998	6271	11269
1938	60	8051	8109	16160
1938	65	5536	5984	11520
1938	70	6778	6312	13090
1938	75	4696	4571	9267
1938	80	5379	4215	9594
1938	85	7330	5106	12436
1939	0	48853	57230	106083
1939	1	52144	51051	103195
1939	5	10233	10730	20963
1939	10	4134	4817	8951
1939	15	5814	5797	11611
1939	20	6687	6832	13519
1939	25	8188	8531	16719
1939	30	7305	8111	15416
1939	35	8574	10282	18856
1939	40	6494	7387	13881
1939	45	6257	7776	14033
1939	50	6157	6936	13093
1939	55	5433	6431	11864
1939	60	8641	8595	17236
1939	65	6223	6241	12464
1939	70	7164	6755	13919
1939	75	4984	4882	9866
1939	80	5889	4390	10279
1939	85	7984	5683	13667
1940	0	50169	59868	110037
1940	1	56156	56013	112169
1940	5	10925	11422	22347
1940	10	4484	5242	9726
1940	15	5991	5987	11978
1940	20	7067	6869	13936
1940	25	7782	8204	15986
1940	30	7066	8069	15135
1940	35	8210	9908	18118
1940	40	6585	7833	14418
1940	45	6190	7452	13642
1940	50	6024	6951	12975
1940	55	5253	6249	11502
1940	60	8393	8568	16961
1940	65	6082	6333	12415
1940	70	7134	6682	13816
1940	75	4906	4673	9579
1940	80	5663	4415	10078
1940	85	7887	5544	13431
1941	0	49231	58850	108081
1941	1	51251	50104	101355
1941	5	10437	11033	21470
1941	10	4548	5351	9899
1941	15	6310	6066	12376
1941	20	7139	6969	14108
1941	25	7682	7777	15459
1941	30	7060	7884	14944
1941	35	8298	9451	17749
1941	40	6688	7854	14542
1941	45	6464	7637	14101
1941	50	5941	6770	12711
1941	55	5380	6388	11768
1941	60	8494	8624	17118
1941	65	6185	6361	12546
1941	70	7066	6650	13716
1941	75	4977	4833	9810
1941	80	5563	4418	9981
1941	85	8101	5638	13739
1942	0	50999	60101	111100
1942	1	58260	56859	115119
1942	5	11998	12504	24502
1942	10	4752	5539	10291
1942	15	6345	6255	12600
1942	20	7092	7333	14425
1942	25	7283	7528	14811
1942	30	6893	7968	14861
1942	35	8189	9748	17937
1942	40	6826	8127	14953
1942	45	6369	7818	14187
1942	50	6034	6987	13021
1942	55	5506	6610	12116
1942	60	8758	9035	17793
1942	65	6352	6804	13156
1942	70	7289	7026	14315
1942	75	5179	4992	10171
1942	80	5802	4642	10444
1942	85	8296	6019	14315
1943	0	51357	61498	112855
1943	1	57788	57686	115474
1943	5	11825	12476	24301
1943	10	4700	5508	10208
1943	15	6226	6136	12362
1943	20	7067	7077	14144
1943	25	7129	7328	14457
1943	30	6900	7487	14387
1943	35	8050	9561	17611
1943	40	6540	8024	14564
1943	45	6428	8013	14441
1943	50	5840	6959	12799
1943	55	5605	6938	12543
1943	60	8924	9074	17998
1943	65	6682	6964	13646
1943	70	7506	7320	14826
1943	75	5454	5352	10806
1943	80	6178	5004	11182
1943	85	9103	6748	15851
1944	0	49699	59001	108700
1944	1	51042	50498	101540
1944	5	9968	10696	20664
1944	10	4420	5149	9569
1944	15	6067	6027	12094
1944	20	6941	6785	13726
1944	25	6819	6615	13434
1944	30	6465	7001	13466
1944	35	7648	8732	16380
1944	40	6461	7510	13971
1944	45	6209	7628	13837
1944	50	5827	6419	12246
1944	55	5418	6655	12073
1944	60	8533	8887	17420
1944	65	6752	7081	13833
1944	70	7614	7395	15009
1944	75	5464	5393	10857
1944	80	6361	5014	11375
1944	85	9491	6838	16329
1945	0	48889	58883	107772
1945	1	46875	46508	93383
1945	5	9522	10022	19544
1945	10	4203	5009	9212
1945	15	6002	6031	12033
1945	20	6981	7021	14002
1945	25	6602	6902	13504
1945	30	6194	6723	12917
1945	35	7850	9007	16857
1945	40	6010	7228	13238
1945	45	6623	8314	14937
1945	50	5454	6450	11904
1945	55	5233	6615	11848
1945	60	8328	8671	16999
1945	65	6720	7080	13800
1945	70	7338	6874	14212
1945	75	5399	5344	10743
1945	80	5987	4606	10593
1945	85	9178	6357	15535
1946	0	50358	59657	110015
1946	1	54609	53805	108414
1946	5	10206	10766	20972
1946	10	4237	4972	9209
1946	15	5466	5648	11114
1946	20	6426	7131	13557
1946	25	6198	6764	12962
1946	30	5504	6455	11959
1946	35	7117	8977	16094
1946	40	5489	7086	12575
1946	45	6226	8338	14564
1946	50	5154	6141	11295
1946	55	4946	6377	11323
1946	60	7682	8306	15988
1946	65	6362	6786	13148
1946	70	6970	6670	13640
1946	75	5148	5230	10378
1946	80	5598	4509	10107
1946	85	8541	6277	14818
1950	0	51150	61882	113032
1950	1	44155	43621	87776
1950	5	8055	8412	16467
1950	10	3412	3990	7402
1950	15	4428	5153	9581
1950	20	5549	6282	11831
1950	25	5607	6757	12364
1950	30	4657	5672	10329
1950	35	6192	7843	14035
1950	40	5203	6761	11964
1950	45	5745	8037	13782
1950	50	5558	7145	12703
1950	55	4841	6233	11074
1950	60	7646	8394	16040
1950	65	6972	7335	14307
1950	70	7642	7494	15136
1950	75	5838	5634	11472
1950	80	6275	4902	11177
1950	85	10130	6983	17113
1951	0	53092	63865	116957
1951	1	56293	55299	111592
1951	5	9549	9902	19451
1951	10	3739	4496	8235
1951	15	4880	5448	10328
1951	20	5879	6434	12313
1951	25	6107	6710	12817
1951	30	4781	5929	10710
1951	35	5979	7553	13532
1951	40	5381	6911	12292
1951	45	5831	8000	13831
1951	50	5800	7557	13357
1951	55	5209	6441	11650
1951	60	7852	8448	16300
1951	65	7067	7813	14880
1951	70	8194	8060	16254
1951	75	6195	5993	12188
1951	80	6681	5492	12173
1951	85	11029	7738	18767
1952	0	47863	59450	107313
1952	1	42068	40653	82721
1952	5	8500	8735	17235
1952	10	3354	4054	7408
1952	15	4578	5279	9857
1952	20	5677	6329	12006
1952	25	5657	6675	12332
1952	30	4769	5792	10561
1952	35	5720	7306	13026
1952	40	5179	6785	11964
1952	45	5835	7650	13485
1952	50	5579	7556	13135
1952	55	4802	6261	11063
1952	60	7515	8326	15841
1952	65	6856	7418	14274
1952	70	7765	7821	15586
1952	75	5793	5686	11479
1952	80	6202	5126	11328
1952	85	10299	7441	17740
1953	0	54453	65664	120117
1953	1	50224	49664	99888
1953	5	8921	9469	18390
1953	10	3439	4249	7688
1953	15	4201	5117	9318
1953	20	5374	6210	11584
1953	25	5455	6338	11793
1953	30	4643	5944	10587
1953	35	5486	7057	12543
1953	40	5001	6566	11567
1953	45	5849	7793	13642
1953	50	5866	7705	13571
1953	55	5261	6353	11614
1953	60	7831	8486	16317
1953	65	7325	8094	15419
1953	70	8573	8688	17261
1953	75	6448	6400	12848
1953	80	6915	5585	12500
1953	85	11301	8130	19431
1954	0	48922	58931	107853
1954	1	35210	34688	69898
1954	5	7121	7563	14684
1954	10	3059	3847	6906
1954	15	3990	4623	8613
1954	20	4915	5830	10745
1954	25	5054	5940	10994
1954	30	4420	5644	10064
1954	35	4966	6511	11477
1954	40	4697	6121	10818
1954	45	5161	7124	12285
1954	50	5402	7245	12647
1954	55	4449	5912	10361
1954	60	6917	7609	14526
1954	65	6426	7097	13523
1954	70	7510	7452	14962
1954	75	5489	5642	11131
1954	80	5893	4737	10630
1954	85	9576	6828	16404
1955	0	53769	62888	116657
1955	1	44167	43306	87473
1955	5	7949	8406	16355
1955	10	2940	3730	6670
1955	15	3894	4603	8497
1955	20	4808	5676	10484
1955	25	4999	5980	10979
1955	30	4223	5483	9706
1955	35	4876	6594	11470
1955	40	4488	5837	10325
1955	45	5263	7055	12318
1955	50	4968	6281	11249
1955	55	5266	6976	12242
1955	60	6892	7180	14072
1955	65	6743	7236	13979
1955	70	7768	7531	15299
1955	75	6079	6143	12222
1955	80	6027	4986	11013
1955	85	10542	7472	18014
1956	0	52662	55724	108386
1956	1	31202	30913	62115
1956	5	6721	7087	13808
1956	10	2755	3484	6239
1956	15	3703	4598	8301
1956	20	4634	5604	10238
1956	25	4844	6040	10884
1956	30	4383	5517	9900
1956	35	4932	6563	11495
1956	40	4310	5767	10077
1956	45	5048	7093	12141
1956	50	5152	6383	11535
1956	55	5525	7283	12808
1956	60	6769	7552	14321
1956	65	6680	7576	14256
1956	70	7909	7964	15873
1956	75	6296	6350	12646
1956	80	6361	5158	11519
1956	85	10985	7982	18967
1957	0	54233	64702	118935
1957	1	41871	41170	83041
1957	5	7277	7721	14998
1957	10	2962	3675	6637
1957	15	3693	4589	8282
1957	20	4996	5643	10639
1957	25	4983	6053	11036
1957	30	4437	5690	10127
1957	35	5280	6734	12014
1957	40	4311	5740	10051
1957	45	5191	7089	12280
1957	50	5306	6857	12163
1957	55	5915	7814	13729
1957	60	7230	7799	15029
1957	65	7016	7820	14836
1957	70	8130	7992	16122
1957	75	6649	6620	13269
1957	80	6599	5270	11869
1957	85	11106	7908	19014
1958	0	45636	63348	108984
1958	1	38696	37685	76381
1958	5	7195	7592	14787
1958	10	2935	3658	6593
1958	15	3597	4468	8065
1958	20	4722	5589	10311
1958	25	4889	5967	10856
1958	30	4392	5663	10055
1958	35	5133	6635	11768
1958	40	4128	5632	9760
1958	45	5154	7204	12358
1958	50	5379	6874	12253
1958	55	5800	7796	13596
1958	60	7172	8014	15186
1958	65	6954	7551	14505
1958	70	8226	8136	16362
1958	75	6732	6934	13666
1958	80	6656	5335	11991
1958	85	11381	8091	19472
1959	0	51946	64499	116445
1959	1	33663	33090	66753
1959	5	7214	7652	14866
1959	10	2810	3523	6333
1959	15	3466	4470	7936
1959	20	4750	5611	10361
1959	25	4904	5985	10889
1959	30	4527	5624	10151
1959	35	5272	7069	12341
1959	40	4297	5590	9887
1959	45	5008	6942	11950
1959	50	5224	6892	12116
1959	55	6082	8251	14333
1959	60	6906	7827	14733
1959	65	6733	7269	14002
1959	70	8032	8225	16257
1959	75	6813	6908	13721
1959	80	6751	5376	12127
1959	85	11383	7888	19271
1960	0	53608	65708	119316
1960	1	33846	33310	67156
1960	5	6738	7215	13953
1960	10	2850	3568	6418
1960	15	3434	4257	7691
1960	20	4661	5436	10097
1960	25	4717	5835	10552
1960	30	4402	5701	10103
1960	35	5237	6944	12181
1960	40	4255	5683	9938
1960	45	4956	6770	11726
1960	50	5382	7045	12427
1960	55	5971	7767	13738
1960	60	7863	8975	16838
1960	65	6890	7607	14497
1960	70	8484	8637	17121
1960	75	7057	7001	14058
1960	80	7203	6005	13208
1960	85	12318	8685	21003
1961	0	52135	63531	115666
1961	1	32275	31583	63858
1961	5	6645	6942	13587
1961	10	2643	3352	5995
1961	15	3346	4168	7514
1961	20	4494	5282	9776
1961	25	4487	5737	10224
1961	30	4365	5640	10005
1961	35	5022	6613	11635
1961	40	4082	5589	9671
1961	45	4614	6190	10804
1961	50	5141	6925	12066
1961	55	5602	7262	12864
1961	60	7744	9130	16874
1961	65	6825	7290	14115
1961	70	7956	8298	16254
1961	75	7092	6816	13908
1961	80	6997	5723	12720
1961	85	12137	8492	20629
1962	0	53832	65463	119295
1962	1	33822	33518	67340
1962	5	6610	6952	13562
1962	10	2821	3425	6246
1962	15	3374	4136	7510
1962	20	4378	5368	9746
1962	25	4634	5740	10374
1962	30	4453	5635	10088
1962	35	5371	6522	11893
1962	40	4316	5770	10086
1962	45	4658	6172	10830
1962	50	5260	7044	12304
1962	55	5823	7499	13322
1962	60	8476	9785	18261
1962	65	6826	7506	14332
1962	70	8535	8729	17264
1962	75	7044	7153	14197
1962	80	7658	6259	13917
1962	85	12896	9136	22032
1963	0	53766	66595	120361
1963	1	34087	33789	67876
1963	5	6832	7141	13973
1963	10	2701	3459	6160
1963	15	3385	4256	7641
1963	20	4385	5209	9594
1963	25	4553	5517	10070
1963	30	4307	5511	9818
1963	35	5281	6535	11816
1963	40	4474	5922	10396
1963	45	4590	6287	10877
1963	50	5616	7318	12934
1963	55	6154	7886	14040
1963	60	8927	10268	19195
1963	65	7480	8093	15573
1963	70	9051	8928	17979
1963	75	7947	7728	15675
1963	80	8322	6656	14978
1963	85	13905	9574	23479
1964	0	53401	65834	119235
1964	1	33407	33192	66599
1964	5	6792	7240	14032
1964	10	2720	3578	6298
1964	15	3210	4257	7467
1964	20	4411	5532	9943
1964	25	4411	5792	10203
1964	30	4542	5872	10414
1964	35	5429	6709	12138
1964	40	4519	6307	10826
1964	45	4562	6114	10676
1964	50	5461	7543	13004
1964	55	5789	7509	13298
1964	60	8829	10597	19426
1964	65	7107	8011	15118
1964	70	8786	8705	17491
1964	75	7500	7376	14876
1964	80	8027	6542	14569
1964	85	14255	9194	23449
1965	0	51181	63419	114600
1965	1	29752	29511	59263
1965	5	6628	7054	13682
1965	10	2854	3627	6481
1965	15	3236	4299	7535
1965	20	4415	5400	9815
1965	25	4538	5634	10172
1965	30	4476	5888	10364
1965	35	5311	6961	12272
1965	40	4623	6428	11051
1965	45	4771	6765	11536
1965	50	5340	7072	12412
1965	55	6214	8294	14508
1965	60	8434	9851	18285
1965	65	8625	9773	18398
1965	70	8771	8850	17621
1965	75	8035	8291	16326
1965	80	8200	6539	14739
1965	85	14684	10286	24970
1966	0	54780	68088	122868
1966	1	32133	31779	63912
1966	5	6810	7572	14382
1966	10	2988	3643	6631
1966	15	3403	4370	7773
1966	20	4191	5475	9666
1966	25	4556	5818	10374
1966	30	4392	5811	10203
1966	35	5427	7198	12625
1966	40	4661	6807	11468
1966	45	4935	6794	11729
1966	50	5259	6968	12227
1966	55	6412	8508	14920
1966	60	8356	9820	18176
1966	65	9417	11095	20512
1966	70	8862	9230	18092
1966	75	8483	8632	17115
1966	80	8287	6805	15092
1966	85	15511	10770	26281
1967	0	56139	68845	124984
1967	1	29013	29150	58163
1967	5	6384	7103	13487
1967	10	2781	3657	6438
1967	15	3420	4468	7888
1967	20	4339	5668	10007
1967	25	4413	5854	10267
1967	30	4403	6149	10552
1967	35	5470	7317	12787
1967	40	4782	7073	11855
1967	45	4938	7175	12113
1967	50	5164	7039	12203
1967	55	6542	8618	15160
1967	60	8323	9995	18318
1967	65	9615	11478	21093
1967	70	8799	9070	17869
1967	75	8138	8523	16661
1967	80	8113	6539	14652
1967	85	15286	10423	25709
1968	0	58752	73446	132198
1968	1	33414	33360	66774
1968	5	7541	8050	15591
1968	10	3029	3980	7009
1968	15	3483	4660	8143
1968	20	4621	5931	10552
1968	25	4626	6132	10758
1968	30	4649	6086	10735
1968	35	5720	7619	13339
1968	40	4866	6979	11845
1968	45	5122	7735	12857
1968	50	5305	7294	12599
1968	55	6734	9009	15743
1968	60	8841	10489	19330
1968	65	10508	12406	22914
1968	70	9573	9883	19456
1968	75	8641	8785	17426
1968	80	9182	7719	16901
1968	85	16819	11845	28664
1969	0	62073	77293	139366
1969	1	31694	31700	63394
1969	5	6965	7798	14763
1969	10	3066	4036	7102
1969	15	3574	4961	8535
1969	20	4500	6190	10690
1969	25	4559	6382	10941
1969	30	4493	6246	10739
1969	35	5788	7795	13583
1969	40	4998	7324	12322
1969	45	5406	8121	13527
1969	50	5199	7235	12434
1969	55	7125	9387	16512
1969	60	8974	10672	19646
1969	65	11173	13158	24331
1969	70	9562	10135	19697
1969	75	8698	8707	17405
1969	80	8839	7238	16077
1969	85	16420	11345	27765
1970	0	65208	80800	146008
1970	1	35220	35343	70563
1970	5	7513	8325	15838
1970	10	3269	4182	7451
1970	15	3551	5146	8697
1970	20	4531	6571	11102
1970	25	4641	6284	10925
1970	30	4571	6350	10921
1970	35	5782	8127	13909
1970	40	5196	7638	12834
1970	45	5701	8465	14166
1970	50	5490	7914	13404
1970	55	6784	9365	16149
1970	60	9284	11317	20601
1970	65	10816	12597	23413
1970	70	11542	13035	24577
1970	75	9040	9049	18089
1970	80	9428	8005	17433
1970	85	17252	12279	29531
1971	0	62281	78980	141261
1971	1	29257	29790	59047
1971	5	6627	7497	14124
1971	10	3063	4105	7168
1971	15	3577	5134	8711
1971	20	4457	6460	10917
1971	25	4644	6296	10940
1971	30	4560	6082	10642
1971	35	5752	7546	13298
1971	40	5155	7299	12454
1971	45	5395	8182	13577
1971	50	5399	7630	13029
1971	55	6315	8348	14663
1971	60	9069	10805	19874
1971	65	10142	11135	21277
1971	70	11650	12866	24516
1971	75	8648	8984	17632
1971	80	8956	7643	16599
1971	85	16741	11826	28567
1972	0	63557	79407	142964
1972	1	32549	32353	64902
1972	5	7093	7880	14973
1972	10	3401	4584	7985
1972	15	3940	5805	9745
1972	20	4597	6963	11560
1972	25	4637	6627	11264
1972	30	4403	6395	10798
1972	35	5594	7717	13311
1972	40	5225	7602	12827
1972	45	5429	8230	13659
1972	50	5703	8150	13853
1972	55	6267	8468	14735
1972	60	9547	11381	20928
1972	65	10323	11874	22197
1972	70	12286	13927	26213
1972	75	8859	8884	17743
1972	80	9198	7939	17137
1972	85	17243	11966	29209
1973	0	59182	74660	133842
1973	1	24311	24527	48838
1973	5	5812	6635	12447
1973	10	3158	4364	7522
1973	15	3917	6044	9961
1973	20	4649	7223	11872
1973	25	4631	7008	11639
1973	30	4459	6683	11142
1973	35	5697	8116	13813
1973	40	5375	7995	13370
1973	45	5587	8728	14315
1973	50	5947	8547	14494
1973	55	6329	8724	15053
1973	60	9857	11914	21771
1973	65	10314	11821	22135
1973	70	13086	14697	27783
1973	75	9387	9632	19019
1973	80	9651	7987	17638
1973	85	18887	13284	32171
1974	0	53832	67772	121604
1974	1	18542	19441	37983
1974	5	4846	6051	10897
1974	10	2817	4019	6836
1974	15	3792	6386	10178
1974	20	4387	8075	12462
1974	25	4317	7902	12219
1974	30	4279	7281	11560
1974	35	5407	8688	14095
1974	40	5071	8334	13405
1974	45	5540	8888	14428
1974	50	5887	9176	15063
1974	55	5914	8571	14485
1974	60	9614	12227	21841
1974	65	9925	11485	21410
1974	70	13145	15001	28146
1974	75	8632	9325	17957
1974	80	9192	7774	16966
1974	85	18133	12598	30731
1975	0	52378	66035	118413
1975	1	17820	18920	36740
1975	5	4335	5502	9837
1975	10	2571	3903	6474
1975	15	3462	6296	9758
1975	20	4212	7826	12038
1975	25	4301	7707	12008
1975	30	3971	6811	10782
1975	35	5243	8679	13922
1975	40	4918	8212	13130
1975	45	5648	8995	14643
1975	50	5958	9223	15181
1975	55	6375	8968	15343
1975	60	8676	10831	19507
1975	65	10342	12253	22595
1975	70	12207	13694	25901
1975	75	10848	11816	22664
1975	80	9209	7726	16935
1975	85	19107	13329	32436
1976	0	53897	68755	122652
1976	1	21199	22182	43381
1976	5	4869	5996	10865
1976	10	2701	4083	6784
1976	15	3456	6214	9670
1976	20	4171	8155	12326
1976	25	4130	7895	12025
1976	30	3959	7088	11047
1976	35	5075	8701	13776
1976	40	4871	8145	13016
1976	45	5613	9217	14830
1976	50	5987	9461	15448
1976	55	6653	9850	16503
1976	60	8168	10403	18571
1976	65	10750	12935	23685
1976	70	11984	13471	25455
1976	75	12191	13654	25845
1976	80	9663	8268	17931
1976	85	19886	14312	34198
1977	0	51439	65503	116942
1977	1	19462	21326	40788
1977	5	4855	6360	11215
1977	10	2998	4440	7438
1977	15	3591	6847	10438
1977	20	4365	9167	13532
1977	25	4027	8700	12727
1977	30	4028	7810	11838
1977	35	5189	9418	14607
1977	40	5116	8580	13696
1977	45	5666	9678	15344
1977	50	5932	9902	15834
1977	55	6673	10315	16988
1977	60	7928	10333	18261
1977	65	10795	12808	23603
1977	70	11557	13036	24593
1977	75	12268	13825	26093
1977	80	9128	7880	17008
1977	85	18865	12741	31606
1978	0	41052	51775	92827
1978	1	14159	15517	29676
1978	5	3987	5375	9362
1978	10	2555	3853	6408
1978	15	3455	6850	10305
1978	20	4042	9257	13299
1978	25	3799	8699	12498
1978	30	3700	7508	11208
1978	35	4676	9053	13729
1978	40	4645	8407	13052
1978	45	5586	9662	15248
1978	50	6169	9550	15719
1978	55	6995	10332	17327
1978	60	7770	10441	18211
1978	65	10378	12613	22991
1978	70	11633	13274	24907
1978	75	12995	14222	27217
1978	80	9527	8235	17762
1978	85	18799	12923	31722
1979	0	41172	53230	94402
1979	1	14653	16313	30966
1979	5	4109	5450	9559
1979	10	2629	3994	6623
1979	15	3462	7313	10775
1979	20	4042	9812	13854
1979	25	3855	9300	13155
1979	30	3789	7995	11784
1979	35	4645	9441	14086
1979	40	4794	9190	13984
1979	45	5609	10129	15738
1979	50	6227	9998	16225
1979	55	7382	11274	18656
1979	60	7708	10689	18397
1979	65	10892	13683	24575
1979	70	11858	13279	25137
1979	75	13814	15348	29162
1979	80	9649	8666	18315
1979	85	19140	13330	32470
1980	0	41279	52478	93757
1980	1	13747	14795	28542
1980	5	3904	5272	9176
1980	10	2556	4089	6645
1980	15	3403	7454	10857
1980	20	3938	10531	14469
1980	25	3776	9754	13530
1980	30	3787	8769	12556
1980	35	4623	9549	14172
1980	40	4896	9383	14279
1980	45	5618	10319	15937
1980	50	6485	10521	17006
1980	55	7337	11677	19014
1980	60	8306	11171	19477
1980	65	10468	13132	23600
1980	70	12339	14328	26667
1980	75	13464	14571	28035
1980	80	11968	11167	23135
1980	85	20311	13898	34209
1981	0	37758	48967	86725
1981	1	11694	12984	24678
1981	5	3508	4674	8182
1981	10	2434	4148	6582
1981	15	3299	7692	10991
1981	20	3937	10827	14764
1981	25	3837	9892	13729
1981	30	3768	8658	12426
1981	35	4572	9646	14218
1981	40	4889	9446	14335
1981	45	5743	10156	15899
1981	50	6642	10520	17162
1981	55	7591	11628	19219
1981	60	8682	11759	20441
1981	65	10040	12279	22319
1981	70	12639	14804	27443
1981	75	12744	13849	26593
1981	80	12918	12219	25137
1981	85	19477	13437	32914
1982	0	34498	43994	78492
1982	1	10437	11349	21786
1982	5	3065	4233	7298
1982	10	2237	3937	6174
1982	15	3126	7355	10481
1982	20	3780	10589	14369
1982	25	3650	10121	13771
1982	30	3605	8809	12414
1982	35	4229	9386	13615
1982	40	4676	9465	14141
1982	45	5513	10215	15728
1982	50	6523	10666	17189
1982	55	7554	11521	19075
1982	60	8923	12176	21099
1982	65	9689	12076	21765
1982	70	12637	14783	27420
1982	75	12778	13927	26705
1982	80	13578	12974	26552
1982	85	19618	13686	33304
1983	0	34225	43684	77909
1983	1	10563	11357	21920
1983	5	2902	3969	6871
1983	10	2156	3484	5640
1983	15	2875	6353	9228
1983	20	3544	9298	12842
1983	25	3548	9044	12592
1983	30	3568	8402	11970
1983	35	4173	9107	13280
1983	40	4622	8871	13493
1983	45	5517	9911	15428
1983	50	6501	10718	17219
1983	55	7973	11614	19587
1983	60	9395	12625	22020
1983	65	9949	12341	22290
1983	70	13340	15414	28754
1983	75	13448	14307	27755
1983	80	15231	14220	29451
1983	85	21568	14506	36074
1984	0	32409	40199	72608
1984	1	9891	10934	20825
1984	5	2830	3957	6787
1984	10	2099	3530	5629
1984	15	2690	6337	9027
1984	20	3514	9229	12743
1984	25	3493	8828	12321
1984	30	3420	8082	11502
1984	35	3634	8062	11696
1984	40	4083	8265	12348
1984	45	5022	8897	13919
1984	50	6350	10029	16379
1984	55	7194	10432	17626
1984	60	9080	12356	21436
1984	65	9009	10931	19940
1984	70	12623	14585	27208
1984	75	12242	13056	25298
1984	80	15028	14212	29240
1984	85	19389	12959	32348
1985	0	29279	36618	65897
1985	1	10546	11663	22209
1985	5	2958	4066	7024
1985	10	2149	3529	5678
1985	15	2924	6553	9477
1985	20	3582	9299	12881
1985	25	3455	9305	12760
1985	30	3625	8432	12057
1985	35	4274	9017	13291
1985	40	4504	9083	13587
1985	45	5534	9991	15525
1985	50	6699	10726	17425
1985	55	8376	11658	20034
1985	60	9811	13182	22993
1985	65	10501	13087	23588
1985	70	13322	14903	28225
1985	75	14374	15311	29685
1985	80	15331	14669	30000
1985	85	24736	17314	42050
1986	0	26250	32858	59108
1986	1	9112	9911	19023
1986	5	2702	3721	6423
1986	10	1977	3458	5435
1986	15	2763	6689	9452
1986	20	3300	9157	12457
1986	25	3304	9470	12774
1986	30	3479	8376	11855
1986	35	4057	9107	13164
1986	40	4274	8422	12696
1986	45	5501	9598	15099
1986	50	6835	10434	17269
1986	55	8438	11743	20181
1986	60	9824	12928	22752
1986	65	10956	13169	24125
1986	70	12146	13778	25924
1986	75	14769	15874	30643
1986	80	14683	13612	28295
1986	85	25857	18679	44536
1987	0	26665	34021	60686
1987	1	9122	10100	19222
1987	5	2526	3512	6038
1987	10	1971	3361	5332
1987	15	2591	6586	9177
1987	20	3098	9126	12224
1987	25	3202	9223	12425
1987	30	3318	8438	11756
1987	35	4023	8625	12648
1987	40	4325	8472	12797
1987	45	5388	9418	14806
1987	50	6616	10182	16798
1987	55	8268	11605	19873
1987	60	9994	12868	22862
1987	65	11345	13430	24775
1987	70	12002	13770	25772
1987	75	14754	16005	30759
1987	80	14837	13732	28569
1987	85	27123	19464	46587
1988	0	25663	33743	59406
1988	1	8276	9765	18041
1988	5	2631	3671	6302
1988	10	2000	3387	5387
1988	15	2778	6719	9497
1988	20	3105	9011	12116
1988	25	3152	9192	12344
1988	30	3561	8459	12020
1988	35	3996	8848	12844
1988	40	4347	8596	12943
1988	45	5408	9744	15152
1988	50	6786	10855	17641
1988	55	8456	12406	20862
1988	60	10451	13604	24055
1988	65	11893	14891	26784
1988	70	12440	14597	27037
1988	75	15830	17246	33076
1988	80	15624	15022	30646
1988	85	28761	21924	50685
1989	0	29306	38009	67315
1989	1	9275	10592	19867
1989	5	2785	3671	6456
1989	10	2033	3236	5269
1989	15	2754	6785	9539
1989	20	3092	8844	11936
1989	25	3286	9156	12442
1989	30	3412	8558	11970
1989	35	4149	8994	13143
1989	40	4505	8713	13218
1989	45	5544	9998	15542
1989	50	6806	10904	17710
1989	55	8826	12668	21494
1989	60	10748	13981	24729
1989	65	12304	15689	27993
1989	70	12492	14480	26972
1989	75	16102	17459	33561
1989	80	15738	14685	30423
1989	85	28979	21998	50977
1990	0	28565	36932	65497
1990	1	9495	10643	20138
1990	5	2875	3610	6485
1990	10	2145	3272	5417
1990	15	2899	6688	9587
1990	20	3118	8584	11702
1990	25	3194	8829	12023
1990	30	3364	8526	11890
1990	35	4186	9010	13196
1990	40	4496	8786	13282
1990	45	5538	10216	15754
1990	50	6721	10754	17475
1990	55	8706	12733	21439
1990	60	10572	13852	24424
1990	65	12421	15463	27884
1990	70	12685	14816	27501
1990	75	15334	16861	32195
1990	80	16163	15404	31567
1990	85	29694	22822	52516
1991	0	24650	32197	56847
1991	1	6219	7170	13389
1991	5	2075	2933	5008
1991	10	1771	2985	4756
1991	15	2698	6668	9366
1991	20	3030	9107	12137
1991	25	3054	8894	11948
1991	30	3358	9011	12369
1991	35	4021	9207	13228
1991	40	4450	8937	13387
1991	45	5504	10043	15547
1991	50	6900	10907	17807
1991	55	8689	12664	21353
1991	60	10953	14672	25625
1991	65	12788	15862	28650
1991	70	13414	16143	29557
1991	75	14660	15576	30236
1991	80	16747	16033	32780
1991	85	30942	22954	53896
1992	0	22692	29662	52354
1992	1	5098	5952	11050
1992	5	1836	2503	4339
1992	10	1608	2711	4319
1992	15	2577	6643	9220
1992	20	2974	9318	12292
1992	25	2973	9278	12251
1992	30	3327	9411	12738
1992	35	4131	9672	13803
1992	40	4630	9361	13991
1992	45	5588	10273	15861
1992	50	7115	11300	18415
1992	55	9022	12843	21865
1992	60	11495	14967	26462
1992	65	13039	16169	29208
1992	70	14040	16732	30772
1992	75	14505	15741	30246
1992	80	17058	16492	33550
1992	85	30901	23321	54222
1993	0	21577	27946	49523
1993	1	5409	6117	11526
1993	5	1829	2586	4415
1993	10	1574	2586	4160
1993	15	2580	6308	8888
1993	20	2950	8975	11925
1993	25	3012	9416	12428
1993	30	3428	9355	12783
1993	35	4075	10058	14133
1993	40	4717	9577	14294
1993	45	5852	10618	16470
1993	50	7325	11622	18947
1993	55	9326	13230	22556
1993	60	12302	15614	27916
1993	65	13665	16145	29810
1993	70	15076	17895	32971
1993	75	14827	15910	30737
1993	80	17865	16889	34754
1993	85	32029	23648	55677
1994	0	21192	28038	49230
1994	1	5044	5621	10665
1994	5	1669	2325	3994
1994	10	1585	2436	4021
1994	15	2446	6241	8687
1994	20	2925	9449	12374
1994	25	2903	9103	12006
1994	30	3541	9545	13086
1994	35	4123	10080	14203
1994	40	4904	9973	14877
1994	45	5851	10634	16485
1994	50	7390	11771	19161
1994	55	9452	13298	22750
1994	60	12312	15512	27824
1994	65	13598	16407	30005
1994	70	15809	18890	34699
1994	75	14593	15407	30000
1994	80	18393	17719	36112
1994	85	32692	23834	56526
1995	0	20718	27237	47955
1995	1	4943	5734	10677
1995	5	1646	2353	3999
1995	10	1595	2442	4037
1995	15	2563	5939	8502
1995	20	2998	9096	12094
1995	25	3001	9277	12278
1995	30	3375	9506	12881
1995	35	4230	10154	14384
1995	40	4777	10053	14830
1995	45	6126	10623	16749
1995	50	7651	11935	19586
1995	55	9927	13527	23454
1995	60	12599	15803	28402
1995	65	14574	17231	31805
1995	70	16335	19205	35540
1995	75	15712	16992	32704
1995	80	18223	17220	35443
1995	85	35941	26563	62504
1996	0	19726	25916	45642
1996	1	4742	5630	10372
1996	5	1707	2397	4104
1996	10	1605	2380	3985
1996	15	2471	6087	8558
1996	20	2793	8585	11378
1996	25	2845	8953	11798
1996	30	3262	9361	12623
1996	35	41235	9937	51172
1996	40	4997	9789	14786
1996	45	6135	10844	16979
1996	50	7642	11754	19396
1996	55	9970	13827	23797
1996	60	12716	16033	28749
1996	65	15473	17930	33403
1996	70	16743	19719	36462
1996	75	17007	18702	35709
1996	80	17843	16748	34591
1996	85	38538	29007	67545
1997	0	19145	25165	44310
1997	1	4326	5044	9370
1997	5	1741	2266	4007
1997	10	1480	2465	3945
1997	15	2556	5925	8481
1997	20	2808	8764	11572
1997	25	2888	8944	11832
1997	30	3278	9153	12431
1997	35	4216	10059	14275
1997	40	5092	10346	15438
1997	45	6251	11056	17307
1997	50	8078	12322	20400
1997	55	10129	14032	24161
1997	60	13230	16627	29857
1997	65	15701	18461	34162
1997	70	17350	20331	37681
1997	75	17985	19639	37624
1997	80	17661	16581	34242
1997	85	38293	28692	66985
1998	0	19548	23557	43105
1998	1	3912	4628	8540
1998	5	1613	2236	3849
1998	10	1548	2483	4031
1998	15	2479	5673	8152
1998	20	2939	8333	11272
1998	25	3079	9028	12107
1998	30	3467	9180	12647
1998	35	4187	10376	14563
1998	40	5126	10681	15807
1998	45	6618	11504	18122
1998	50	8262	12535	20797
1998	55	10410	14604	25014
1998	60	13387	16627	30014
1998	65	16132	19332	35464
1998	70	17401	20257	37658
1998	75	19029	20793	39822
1998	80	17730	16588	34318
1998	85	39593	28897	68490
1999	0	17463	22754	40217
1999	1	3515	4256	7771
1999	5	1535	2122	3657
1999	10	1498	2328	3826
1999	15	2342	5469	7811
1999	20	2664	7714	10378
1999	25	2899	8574	11473
1999	30	3340	8852	12192
1999	35	4152	10017	14169
1999	40	5189	10424	15613
1999	45	6713	11403	18116
1999	50	8531	12786	21317
1999	55	10733	14665	25398
1999	60	13544	17084	30628
1999	65	16964	19776	36740
1999	70	18289	20596	38885
1999	75	19608	21743	41351
1999	80	17544	16704	34248
1999	85	38718	29059	67777
2000	0	16769	21793	38562
2000	1	3236	3726	6962
2000	5	1432	2025	3457
2000	10	1466	2252	3718
2000	15	2282	5106	7388
2000	20	2606	7388	9994
2000	25	2911	8380	11291
2000	30	3271	8737	12008
2000	35	4107	9848	13955
2000	40	5109	10387	15496
2000	45	6603	11455	18058
2000	50	8493	12574	21067
2000	55	10653	14839	25492
2000	60	13747	17100	30847
2000	65	16467	19510	35977
2000	70	18506	20865	39371
2000	75	19424	21513	40937
2000	80	17847	17043	34890
2000	85	37567	28336	65903
2001	0	15487	20302	35789
2001	1	2996	3613	6609
2001	5	1391	1975	3366
2001	10	1470	2295	3765
2001	15	2350	5118	7468
2001	20	2566	7165	9731
2001	25	2902	8149	11051
2001	30	3293	8615	11908
2001	35	4166	9447	13613
2001	40	5373	10349	15722
2001	45	6668	11658	18326
2001	50	8683	13315	21998
2001	55	10977	14885	25862
2001	60	14125	17342	31467
2001	65	16584	19810	36394
2001	70	19125	21550	40675
2001	75	20187	22058	42245
2001	80	19212	18377	37589
2001	85	38574	28504	67078
2002	0	15683	20720	36403
2002	1	3056	3747	6803
2002	5	1392	1901	3293
2002	10	1481	2280	3761
2002	15	2365	5275	7640
2002	20	2669	7191	9860
2002	25	2849	8077	10926
2002	30	3421	8679	12100
2002	35	4197	9459	13656
2002	40	5356	10835	16191
2002	45	7123	12106	19229
2002	50	9136	13598	22734
2002	55	11182	15664	26846
2002	60	14260	18212	32472
2002	65	17246	20981	38227
2002	70	21133	22593	43726
2002	75	20698	23023	43721
2002	80	17642	20042	37684
2002	85	22332	29643	51975
2003	0	14236	19008	33244
2003	1	3036	3655	6691
2003	5	1328	1819	3147
2003	10	1541	2263	3804
2003	15	2304	5023	7327
2003	20	2597	6959	9556
2003	25	2939	8124	11063
2003	30	3449	8946	12395
2003	35	4139	9770	13909
2003	40	5571	10940	16511
2003	45	7213	12585	19798
2003	50	9467	13947	23414
2003	55	11714	16219	27933
2003	60	14930	18700	33630
2003	65	18021	21496	39517
2003	70	20963	23919	44882
2003	75	22165	23575	45740
2003	80	22312	21851	44163
2003	85	41616	31210	72826
2004	0	14163	18524	32687
2004	1	2996	3604	6600
2004	5	1349	1769	3118
2004	10	1397	2129	3526
2004	15	2304	5056	7360
2004	20	2660	6810	9470
2004	25	2893	7830	10723
2004	30	3260	8783	12043
2004	35	4100	9615	13715
2004	40	5404	10959	16363
2004	45	7422	12438	19860
2004	50	9520	14300	23820
2004	55	11906	16315	28221
2004	60	15303	19019	34322
2004	65	17936	21527	39463
2004	70	21164	24107	45271
2004	75	22405	23665	46070
2004	80	23300	23032	46332
2004	85	41286	31088	72374
2005	0	14318	18214	32532
2005	1	2953	3514	6467
2005	5	1400	1774	3174
2005	10	1499	2145	3644
2005	15	2355	5142	7497
2005	20	2676	7147	9823
2005	25	2965	7943	10908
2005	30	3442	9097	12539
2005	35	4108	9953	14061
2005	40	5681	11366	17047
2005	45	7764	13074	20838
2005	50	9760	14997	24757
2005	55	12607	17098	29705
2005	60	15748	19621	35369
2005	65	18724	22211	40935
2005	70	22034	24994	47028
2005	75	24018	25374	49392
2005	80	24810	24789	49599
2005	85	44549	33161	77710
2006	0	13442	17369	30811
2006	1	2747	3328	6075
2006	5	1258	1718	2976
2006	10	1477	2201	3678
2006	15	2369	5246	7615
2006	20	2649	7025	9674
2006	25	2827	7918	10745
2006	30	3459	9243	12702
2006	35	4260	9935	14195
2006	40	5508	11262	16770
2006	45	7782	13193	20975
2006	50	10115	15261	25376
2006	55	12706	17521	30227
2006	60	15684	19427	35111
2006	65	18670	22517	41187
2006	70	21504	25000	46504
2006	75	24239	25832	50071
2006	80	24512	24494	49006
2006	85	44200	292351	336551
2007	0	13136	17183	30319
2007	1	2744	3301	6045
2007	5	1334	1630	2964
2007	10	1446	2118	3564
2007	15	2435	5494	7929
2007	20	2616	7344	9960
2007	25	2894	8200	11094
2007	30	3512	9438	12950
2007	35	4368	10479	14847
2007	40	5919	11626	17545
2007	45	7919	13973	21892
2007	50	10478	16180	26658
2007	55	13254	18241	31495
2007	60	16338	20548	36886
2007	65	19249	23225	42474
2007	70	22876	26245	49121
2007	75	25561	26855	52416
2007	80	25753	25377	51130
2007	85	46678	35105	81783
2008	0	12845	16573	29418
2008	1	2594	3126	5720
2008	5	1220	1664	2884
2008	10	1522	2158	3680
2008	15	2478	5974	8452
2008	20	2651	8210	10861
2008	25	2988	9036	12024
2008	30	3578	10372	13950
2008	35	4452	11421	15873
2008	40	5993	12478	18471
2008	45	8310	14597	22907
2008	50	11125	17312	28437
2008	55	13578	19097	32675
2008	60	17332	21668	39000
2008	65	19954	24000	43954
2008	70	23879	27719	51598
2008	75	26817	28801	55618
2008	80	27373	26402	53775
2008	85	49088	37985	87073
